159 545 166 328
162 551 167 329
161 549 167 329
0 640 0 400
163 545 198 340
163 545 194 340
161 546 194 340
161 546 194 340
164 545 194 341
163 543 194 341
163 537 194 341
164 542 193 341
157 542 192 341
161 543 191 341
162 544 191 342
162 542 190 341
162 542 192 341
163 544 190 341
163 543 190 341
164 545 190 340
160 544 189 341
160 546 188 341
163 543 188 340
162 545 187 339
161 548 187 339
161 545 186 339
160 544 188 341
160 545 188 341
160 545 188 341
160 544 188 341
0 640 0 400
166 532 201 337
164 544 192 336
163 536 188 333
167 538 187 333
165 547 186 333
165 544 186 333
163 543 185 333
163 547 184 332
164 548 184 332
163 545 182 331
163 544 183 332
163 546 183 332
162 546 183 332
162 547 183 333
163 540 184 333
159 543 177 331
155 547 153 322
149 552 141 316
151 553 134 312
151 556 132 310
154 556 130 309
156 553 130 308
140 560 130 309
139 555 131 309
155 556 130 309
150 557 131 309
154 551 131 309
157 555 131 309
153 553 130 309
149 558 126 306
150 561 124 304
150 560 123 303
149 551 122 304
152 552 123 305
154 555 124 306
150 553 124 306
148 556 124 305
150 552 124 306
147 557 125 307
151 554 124 306
150 554 122 303
149 550 120 302
148 554 119 300
0 640 0 400
156 557 133 304
150 548 134 308
137 556 135 309
143 550 137 312
145 557 139 312
152 550 141 314
138 540 139 314
146 549 139 314
151 547 140 315
148 546 139 315
138 545 139 315
139 546 139 315
148 545 139 315
146 559 139 315
136 546 138 315
137 543 136 315
131 549 136 313
133 548 135 314
139 553 135 313
131 544 135 313
176 548 197 315
171 545 213 325
163 544 177 328
160 547 180 331
163 535 185 334
162 540 185 333
162 541 182 333
159 546 181 333
159 533 182 333
162 547 182 333
161 532 181 333
158 539 181 335
161 546 182 335
162 537 182 336
158 537 180 335
158 536 181 336
159 535 183 339
163 540 197 347
161 522 201 351
162 523 209 353
162 527 214 356
156 522 218 358
161 523 218 357
153 526 217 356
161 523 216 356
162 528 216 356
158 529 216 355
154 524 214 355
164 528 217 357
153 527 218 357
156 522 219 358
158 524 222 360
163 525 225 361
166 525 226 361
163 529 227 361
163 533 229 361
161 522 230 361
155 528 229 360
162 531 229 360
164 532 229 360
162 528 228 359
166 530 227 359
164 529 227 358
163 523 227 359
165 528 227 359
161 527 226 357
168 531 226 354
166 529 224 352
165 519 224 349
167 522 221 346
168 528 217 345
169 514 217 345
165 523 216 345
172 525 216 344
169 524 216 343
166 521 215 344
164 519 216 343
165 531 215 344
165 524 215 343
169 515 214 342
167 521 214 343